<BACKDROP>
Forest;0;-200
<END>

<BGM>
Wood Theme.ogg
<END>

<PROP>
Bush;-17;153;Bush-0
<END>

<PROP>
Bush;20;169;Bush-1
<END>

<PROP>
Bush;64;184;Bush-2
<END>

<PROP>
Bush;104;193;Bush-3
<END>

<PROP>
Bush;129;215;Bush-4
<END>

<PROP>
Bush;190;217;Bush-5
<END>

<PROP>
Bush;225;242;Bush-6
<END>

<PROP>
Bush;522;281;Bush-7
<END>

<PROP>
Bush;579;288;Bush-8
<END>

<PROP>
Bush;641;284;Bush-9
<END>

<PROP>
Bush;697;278;Bush-10
<END>

<PROP>
Bush;718;256;Bush-11
<END>

<PROP>
Bush;777;257;Bush-12
<END>

<PROP>
Bush;831;247;Bush-13
<END>

<PROP>
Bush;844;221;Bush-14
<END>

<PROP>
Bush;903;212;Bush-15
<END>

<PROP>
Bush;939;186;Bush-16
<END>

<PROP>
Bush;974;160;Bush-17
<END>

<PROP>
Bush;1032;150;Bush-18
<END>

<PROP>
Bush;277;253;Bush-19
<END>

<PROP>
Bush;331;252;Bush-20
<END>

<PROP>
Bush;473;288;Bush-21
<END>

<PROP>
Bush;419;286;Bush-22
<END>

<PROP>
Bush;372;268;Bush-23
<END>

<PROP>
Bush;1069;129;Bush-24
<END>

<PROP>
Bush;1115;124;Bush-25
<END>

<PROP>
Bush;1154;128;Bush-26
<END>

<PROP>
Tree;-31;177;Tree-0
<END>

<PROP>
Tree;406;473;Tree-1
<END>

<PROP>
Tree;964;170;Tree-2
<END>

<PROP>
Tree;960;425;Tree-3
<END>

<PROP>
Tree;259;267;Tree-4
<END>

<PROP>
Tree;753;267;Tree-5
<END>

<PLAYER>
Player;665;442
<EQUIPMENT>
0;0
1;21;0;0;0;0;0;0;0;0;0;0;0;0;0;0;0;0;0
2;0;0;31;32:0-1-1,2,3;0;33;0;0;R2;L3
3;6;11;12:5;0;0;0;0
4;4;41:5;42:5;0;0
5;1;2
<BREAK>
<END>

<ACTOR>
Skelington;134;274;Skelington-0
<DIALOGUE>
false;false;false;false
@Text:Hey.
@Text:I like butts;they are nice
@Text:I'm a skeleton.
@Choice:true:Would you like to heal for 8 splinters?;Yes;No;
>Yes
 @Condition:Equipment:activator:Gold:>7
 >True
  @Adjust Money:activator:static:-8
  @Adjust Stats:activator:max:0.0:0.0:0.0:
  @Text:Thank you, have a nice day.
  @
 >False
  @Text:Get lost, you don't have enough splinters.
  @
 >End
 @
>No
 @Text:o-oh ok...
 @
>End
@
<BREAK>
<END>

<ACTOR>
Skelington;442;320;Skelington-1
<DIALOGUE>
false;false;false;false
@Condition:Switch:a
>True
 @Text:Give me a sword.
 @Adjust Equipment:activator:take:weapon:31: Sword
 @Switch:a:false
 @
>False
 @Text:Have a sword.
 @Adjust Equipment:activator:give:weapon:31: Sword
 @Adjust Money:activator:static:300
 @Switch:a:true
 @
>End
@
<BREAK>
<EQUIPMENT>
0;0
1;0;23;0;24;0;22;0;0;0;0;0;0;0;0;0;25;0;0
2;35;0;0;0;0;0;0;0;R0;L1
3;6;0;0;0;0;0;0
<BREAK>
<END>

<ACTOR>
Skelington;946;250;Skelington-2
<AI>
NEUTRAL


<BREAK>
<EQUIPMENT>
0;0
1;0;0;0;0;0;0;0;0;0;0;0;0;0;0;0;0;0;0
2;31;0;0;0;0;0;0;0;R0;L1
3;6;0;0;0;0;0;0
<BREAK>
<END>

<HITMAP>
1200;600
0;0;2;180
0;181;4;1
2;0;14;179
4;180;12;1
16;0;5;181
21;0;3;182
23;0;1;183
24;183;1;1
25;0;5;184
28;0;1;183
28;184;1;1
29;0;4;185
30;185;2;1
32;186;2;1
34;186;1;2
35;0;1;188
36;0;3;189
39;0;3;190
41;0;2;191
42;0;1;192
43;192;1;1
44;192;1;4
45;0;1;198
46;0;1;201
47;0;1;203
48;0;1;205
49;0;2;207
51;0;1;208
52;0;1;209
53;0;1;210
54;0;3;211
57;0;6;212
63;0;3;213
66;0;3;214
69;0;5;215
74;0;3;216
77;0;8;217
85;0;27;218
112;0;29;219
141;0;1;232
142;0;1;234
143;0;1;235
144;0;1;236
145;0;1;237
146;0;2;239
148;0;1;241
149;0;2;242
151;0;7;243
158;0;1;244
159;0;7;245
166;0;3;246
169;0;4;247
173;0;3;248
176;0;5;249
181;0;2;250
183;0;4;251
187;0;4;252
191;0;51;253
240;267;1;5
241;265;1;7
242;0;1;272
243;0;2;273
245;0;2;274
247;0;5;275
252;0;5;276
257;0;2;277
259;0;6;278
265;0;3;279
268;0;105;280
373;0;27;279
400;0;1;280
401;0;1;281
402;0;1;300
403;0;1;304
404;0;1;305
405;0;1;308
406;0;1;309
407;0;1;310
408;0;15;311
423;0;8;312
431;0;56;313
487;0;235;312
722;0;13;311
735;0;1;286
735;289;1;22
736;0;1;284
736;291;1;19
737;0;1;283
737;293;1;17
738;0;2;282
738;294;1;16
739;296;1;13
740;0;1;280
741;0;1;279
742;0;2;278
744;0;4;277
748;0;11;278
759;0;2;279
761;0;13;280
774;0;61;281
835;0;12;280
847;0;4;279
851;0;2;278
853;0;1;277
854;0;2;276
856;0;2;275
858;0;2;274
860;0;52;247
860;250;1;22
861;252;1;19
862;258;1;11
912;0;31;246
943;0;3;245
946;0;10;244
956;0;2;243
958;0;1;242
959;0;1;241
960;0;6;212
960;215;1;25
961;220;1;19
962;222;1;16
963;228;1;8
964;230;1;5
966;0;19;211
985;0;2;212
987;0;1;185
987;189;1;23
988;0;3;184
988;191;1;21
989;192;1;20
990;211;1;2
991;0;2;183
991;212;2;1
993;0;9;182
1002;0;17;181
1019;0;57;180
1076;0;6;179
1082;0;2;178
1084;0;1;157
1084;161;1;17
1085;0;1;156
1085;162;1;16
1086;0;1;154
1086;165;1;13
1087;0;1;152
1087;166;1;12
1088;0;1;150
1088;167;1;11
1089;0;5;148
1089;169;1;9
1090;171;1;7
1091;172;1;6
1092;174;1;4
1093;176;1;2
1094;0;3;149
1097;0;4;150
1101;0;6;151
1107;0;57;152
1164;0;13;151
1177;0;17;150
1194;0;6;149
<FLAT>
0;539;105;61
109;479;171;121
284;508;30;92
314;542;65;58
379;572;31;28
<END>

<MAP>
false
<TILE>
Grass.png;184;275;false
0;0
0;-1
-1;-1
-2;-1
-2;-2
-3;-2
-4;-2
-5;-2
-5;-3
-6;-3
-7;-3
-3;-1
1;-1
1;0
2;0
3;0
4;0
5;0
6;0
6;1
7;1
8;1
9;1
10;1
11;1
12;1
13;1
14;1
15;1
16;1
17;1
17;0
18;0
19;0
20;0
21;0
21;-1
22;-1
23;-1
24;-1
24;-2
25;-2
25;-3
26;-3
27;-3
28;-3
28;-4
29;-4
30;-4
31;-4
32;-4
-6;-2
-6;-1
-6;0
-6;1
-6;2
-6;3
-4;4
-5;5
-6;5
-6;6
-6;4
-5;4
-5;6
-5;7
-6;7
-6;8
-6;9
-5;9
-6;10
-5;10
-4;10
-3;10
-2;10
-1;10
0;10
1;10
2;10
3;10
4;10
5;2
5;9
6;9
7;9
7;8
6;8
5;8
5;7
4;7
4;6
3;6
3;5
3;4
2;4
2;3
3;3
4;4
4;5
3;7
2;7
1;6
1;5
2;5
2;6
1;7
0;7
0;6
-1;6
-1;5
0;4
1;4
1;3
-2;6
-2;5
-2;4
-3;5
-3;6
-4;6
-4;5
-3;4
-1;3
-1;4
-2;3
-3;3
-3;2
-4;2
-4;1
-4;3
-5;1
-5;2
-5;3
-5;0
-5;-1
-4;-1
-4;0
-3;1
-3;0
-2;0
-1;0
-1;1
-2;1
0;1
-1;2
-2;2
1;2
0;2
1;1
2;1
3;1
3;2
4;2
5;1
4;1
2;2
0;3
0;5
0;8
-1;8
-1;7
-2;7
-3;7
-4;7
-4;8
-5;8
-3;8
-2;8
-2;9
-3;9
-4;9
-1;9
0;9
1;9
2;9
3;9
4;9
4;8
3;8
2;8
1;8
5;10
6;10
7;10
8;10
9;10
10;10
11;10
12;10
13;10
14;10
15;10
16;10
16;2
17;2
16;9
17;9
18;9
18;10
17;10
19;10
20;10
21;10
22;10
23;10
24;10
25;10
26;10
27;10
28;10
29;10
30;10
31;10
31;9
31;8
31;7
31;6
31;5
31;4
31;3
29;2
30;2
30;3
31;2
31;1
31;0
31;-1
31;-2
31;-3
30;-3
29;-3
29;-2
30;-2
30;-1
30;0
30;1
29;1
29;0
28;0
28;-1
28;-2
29;-1
28;1
28;2
28;3
28;4
29;5
28;5
28;6
29;3
29;4
30;4
30;5
30;6
29;6
29;7
29;8
30;7
30;8
30;9
29;9
28;9
27;9
26;9
25;9
24;9
23;9
22;9
21;9
20;9
19;9
18;8
17;8
16;8
19;8
20;8
15;8
14;8
15;9
14;9
13;9
12;9
11;9
10;9
9;9
8;9
8;8
9;8
10;8
11;8
12;8
13;8
10;7
9;7
8;7
7;7
6;7
6;6
5;6
7;6
8;6
7;5
8;5
6;5
5;5
5;4
5;3
4;3
6;2
7;2
8;2
9;2
10;2
11;2
12;2
13;2
14;2
15;2
8;3
7;3
6;3
9;3
10;3
11;3
12;3
13;3
14;3
15;3
6;4
7;4
8;4
9;4
10;4
11;4
12;4
13;4
9;5
10;5
11;5
9;6
10;6
11;6
12;6
13;5
13;6
12;5
12;7
11;7
13;7
14;7
15;7
16;7
17;7
18;7
19;7
20;7
21;7
22;8
22;7
23;8
21;8
24;8
25;8
26;8
27;8
28;8
28;7
27;7
26;7
25;7
24;7
23;7
25;6
26;6
24;6
23;6
22;6
21;6
20;6
19;6
18;6
17;6
16;6
15;6
14;6
27;6
27;5
26;5
25;5
24;5
23;5
22;5
21;5
20;5
19;5
18;5
17;5
16;5
21;4
22;4
23;4
24;4
25;4
26;4
19;4
18;4
17;4
16;4
20;4
22;3
23;3
24;3
25;3
26;3
27;3
25;2
26;2
27;1
27;2
27;4
27;0
27;-1
27;-2
26;0
26;-1
26;1
25;1
26;-2
25;0
24;1
25;-1
24;2
24;0
23;0
23;2
23;1
22;2
22;1
22;0
21;2
21;1
20;3
20;2
21;3
20;1
19;1
19;2
18;3
19;3
18;2
18;1
17;3
16;3
15;4
14;4
14;5
15;5
<BREAK>

<TILE>
Dirtpath.png;1075;338;true
0;0;2;5;3;5;3;4;4;0
0;-1;0;3;1;3;1;2;0;2
1;-1;2;5;3;5;3;4;4;0
2;-1;2;5;3;5;3;4;2;4
3;-1;2;5;3;5;3;4;2;4
3;-2;2;5;3;5;3;4;2;4
1;0;2;5;3;5;3;4;2;4
4;-1;4;5;5;5;5;4;4;4
2;0;2;5;3;5;3;4;2;4
0;1;2;7;3;7;3;6;2;6
-1;1;2;5;5;1;3;4;2;4
-2;1;2;5;3;5;3;4;4;0
-2;2;2;7;3;7;3;6;2;6
-3;2;2;5;5;1;3;4;2;4
-1;2;4;7;5;7;5;6;4;6
-3;3;4;7;5;7;5;6;4;6
-4;3;2;7;3;7;3;6;2;6
-5;3;2;7;3;7;3;6;2;6
-3;1;2;3;3;3;3;2;2;2
-4;1;2;3;3;3;3;2;2;2
-5;1;0;3;1;3;1;2;0;2
-6;2;2;3;3;3;3;2;2;2
-5;2;2;5;3;5;3;4;4;0
-4;2;2;5;3;5;3;4;2;4
-6;3;2;5;5;1;3;4;2;4
-7;3;2;5;3;5;3;4;4;0
-8;3;2;3;3;3;3;2;2;2
-7;2;0;3;1;3;1;2;0;2
-9;3;2;5;3;5;5;0;2;4
-10;3;2;5;3;5;3;4;2;4
-10;2;2;5;3;5;5;0;2;4
-9;2;4;3;5;3;5;2;4;2
-9;4;2;5;3;5;3;4;2;4
-10;4;2;5;3;5;3;4;2;4
-11;4;2;5;3;5;3;4;2;4
-11;5;2;7;3;7;3;6;2;6
-12;5;2;5;5;1;3;4;2;4
-13;5;4;1;3;5;3;4;2;4
-13;4;2;5;3;5;3;4;2;4
-12;4;2;5;3;5;3;4;2;4
-10;5;2;7;3;7;3;6;2;6
-14;5;0;7;1;7;1;6;0;6
-14;4;4;1;3;5;3;4;2;4
-14;3;2;5;3;5;3;4;2;4
-13;3;2;5;3;5;3;4;2;4
-12;3;2;5;3;5;3;4;2;4
-12;2;2;5;3;5;3;4;2;4
-11;2;2;5;3;5;3;4;2;4
-11;3;2;5;3;5;3;4;2;4
-14;2;2;3;3;3;3;2;2;2
-13;2;2;5;3;5;3;4;4;0
-8;4;2;5;5;1;3;4;2;4
-8;5;4;5;5;5;5;4;4;4
-9;5;4;1;3;5;3;4;2;4
-12;6;4;7;5;7;5;6;4;6
-13;6;0;7;1;7;1;6;0;6
-15;4;0;7;1;7;1;6;0;6
-15;3;4;1;3;5;3;4;2;4
-16;3;0;7;1;7;1;6;0;6
-16;2;0;3;1;3;1;2;0;2
-15;2;2;3;3;3;3;2;2;2
-12;1;2;3;3;3;3;2;2;2
-13;1;0;3;1;3;1;2;0;2
-11;1;2;3;3;3;3;2;2;2
-10;1;4;3;5;3;5;2;4;2
-9;6;0;7;1;7;1;6;0;6
-8;6;4;7;5;7;5;6;4;6
-7;4;2;7;3;7;3;6;2;6
-6;4;4;7;5;7;5;6;4;6
-1;0;2;3;3;3;3;2;2;2
-2;0;0;3;1;3;1;2;0;2
1;1;2;7;3;7;3;6;2;6
3;0;2;5;3;5;3;4;2;4
4;0;4;5;5;5;5;4;4;4
2;1;2;7;3;7;3;6;2;6
3;1;4;1;3;5;3;4;2;4
4;1;4;5;5;5;5;4;4;4
3;2;0;7;1;7;1;6;0;6
4;2;4;7;5;7;5;6;4;6
1;-2;0;3;1;3;1;2;0;2
2;-2;2;5;3;5;3;4;4;0
2;-3;0;3;1;3;1;2;0;2
3;-3;2;3;3;3;3;2;2;2
4;-3;4;3;5;3;5;2;4;2
4;-2;4;5;5;5;5;4;4;4
<BREAK>

<TILE>
Water.png;101;502;true
0;0;0;5;1;5;1;4;0;4
0;-1;0;3;1;3;1;2;0;2
1;-1;2;3;3;3;3;2;2;2
2;-1;2;3;3;3;3;2;2;2
3;-1;2;3;3;3;3;2;2;2
4;-1;2;3;3;3;3;2;2;2
5;-1;4;3;5;3;5;2;4;2
4;0;2;5;3;5;3;4;2;4
3;0;2;5;3;5;3;4;2;4
2;0;2;5;3;5;3;4;2;4
1;0;2;5;3;5;3;4;2;4
5;0;2;5;3;5;5;0;2;4
6;0;4;3;5;3;5;2;4;2
3;1;2;5;3;5;3;4;2;4
4;1;2;5;3;5;3;4;2;4
5;1;2;5;3;5;3;4;2;4
5;2;2;5;3;5;3;4;2;4
6;2;2;5;3;5;3;4;2;4
7;2;2;5;3;5;3;4;2;4
6;1;2;5;3;5;5;0;2;4
8;1;4;3;5;3;5;2;4;2
7;1;2;3;3;3;3;2;2;2
9;2;4;3;5;3;5;2;4;2
9;3;2;5;5;1;5;0;2;4
10;3;4;7;5;7;5;2;4;2
8;3;4;1;3;5;3;4;2;4
8;4;0;7;1;7;1;6;0;6
9;4;4;7;5;7;5;6;4;6
7;3;2;7;3;7;3;6;2;6
8;2;2;5;3;5;5;0;2;4
4;2;2;5;3;5;3;4;2;4
3;2;2;5;3;5;3;4;2;4
2;2;2;5;3;5;3;4;2;4
3;3;2;7;3;7;3;6;2;6
2;3;2;7;3;7;3;6;2;6
4;3;2;7;3;7;3;6;2;6
5;3;2;7;3;7;3;6;2;6
6;3;2;7;3;7;3;6;2;6
1;2;2;5;3;5;3;4;2;4
0;1;2;5;3;5;3;4;4;0
0;3;2;7;3;7;3;6;2;6
0;2;2;5;3;5;3;4;2;4
1;3;2;7;3;7;3;6;2;6
1;1;2;5;3;5;3;4;2;4
2;1;2;5;3;5;3;4;2;4
-1;2;2;5;3;5;3;4;2;4
-1;3;2;7;3;7;3;6;2;6
-2;3;2;7;3;7;3;6;2;6
-2;2;2;5;3;5;3;4;2;4
-1;1;2;3;3;3;3;2;2;2
-2;1;2;3;3;3;3;2;2;2
-3;2;2;5;3;5;3;4;2;4
-4;2;0;5;1;5;1;4;0;4
-5;3;0;7;1;7;1;2;0;2
-4;3;2;7;3;7;3;6;4;0
-3;3;2;7;3;7;3;6;2;6
-4;1;0;3;1;3;1;2;0;2
-3;1;2;3;3;3;3;2;2;2
<BREAK>

<END>

