<BACKDROP>
Sky;-42;-32
<END>

<BGM>
Wood Theme.ogg
<END>

<PROP>
Tree;182;293;Tree-0
<END>

<PROP>
Tree;518;184;Tree-1
<END>

<PROP>
Tree;72;119;Tree-2
<END>

<PROP>
Tree;461;464;Tree-3
<END>

<PROP>
Tree;76;463;Tree-4
<END>

<PROP>
Bush;1;137;Bush-0
<END>

<PROP>
Bush;46;133;Bush-1
<END>

<PROP>
Bush;277;145;Bush-2
<END>

<PROP>
Bush;332;142;Bush-3
<END>

<PROP>
Bush;395;140;Bush-4
<END>

<PROP>
Bush;379;135;Bush-5
<END>

<PROP>
Bush;453;140;Bush-6
<END>

<PROP>
Bush;526;140;Bush-7
<END>

<PROP>
Bush;590;146;Bush-8
<END>

<PROP>
Bush;636;141;Bush-9
<END>

<PROP>
Bush;240;144;Bush-10
<END>

<PROP>
Bush;198;143;Bush-11
<END>

<PROP>
Tree;446;89;Tree-6
<END>

<PROP>
Bush;689;139;Bush-12
<END>

<PROP>
Bush;747;147;Bush-13
<END>

<PROP>
Essence Spring;274;209;Essence Spring-0
<DIALOGUE>
false;false;false;false
@Condition:Switch:a
>True
 @Text:We already waited.
 @
>False
 @Text:We will wait for 2 seconds.
 @Wait:2.0
 @Text:Did it wait?
 @
>End
@Switch:a:true
@Text:Hey
@
<BREAK>
<END>

<PLAYER>
Player;311;285
<EQUIPMENT>
0;0
1;21;0;0;0;0;0;0;0;0;0;0;0;0;0;0;0;0;0
2;0;0;31;32:0-1-1,2,3;0;33;0;0;R2;L3
3;6;11;12:5;0;0;0;0
4;4;41:5;42:5;0;0
5;1;2
<BREAK>
<END>

<ACTOR>
Skelington;379;239;Skelington-0
<END>

<ACTOR>
Skelington;465;373;Skelington-1
<END>

<ACTOR>
Skelington;256;450;Skelington-2
<END>

<ACTOR>
Skelington;65;252;Skelington-3
<END>

<PATHWAY>
1;391;27;45;Bar;713;327
<END>

<PATHWAY>
767;423;32;48;Forest2;50;351
<END>

<HITMAP>
800;600
0;162;190;1
190;161;408;1
258;574;1;10
259;573;8;1
259;584;1;6
260;590;2;1
262;591;2;1
264;592;5;1
267;572;1;1
268;571;6;1
269;593;17;1
274;570;2;1
276;569;11;1
286;594;1;5
287;570;7;1
287;599;1;1
294;571;9;1
303;572;8;1
311;571;3;1
314;570;3;1
317;569;2;1
319;568;1;1
320;546;1;13
320;565;1;3
321;546;1;1
321;559;1;6
322;545;1;1
323;544;1;1
324;543;2;1
326;542;2;1
328;541;12;1
340;540;7;1
347;539;1;2
348;539;2;1
350;538;3;1
353;537;6;1
359;536;18;1
377;537;4;1
381;519;1;18
382;517;1;3
383;517;1;1
384;516;1;1
385;514;1;2
386;514;1;1
387;513;2;1
389;512;2;1
391;511;2;1
393;510;1;2
394;509;3;1
397;508;1;2
398;508;2;1
400;507;1;1
401;506;84;1
444;599;1;1
445;598;1;1
446;595;1;3
447;594;1;1
448;593;2;1
450;592;11;1
461;591;5;1
466;590;3;1
468;535;1;1
469;534;1;1
469;589;1;1
470;533;1;1
470;588;1;1
471;532;1;1
471;587;1;1
472;531;1;1
472;586;1;1
473;530;1;1
473;585;2;1
474;529;2;1
474;540;1;7
475;531;1;9
475;547;1;8
475;584;1;1
476;529;1;2
476;555;1;6
476;583;1;1
477;528;1;2
477;561;1;23
478;528;5;1
483;527;2;2
485;507;7;1
485;527;10;1
492;508;4;1
495;526;1;2
496;506;1;1
496;509;1;2
496;526;2;1
497;507;4;1
497;510;1;2
498;512;1;1
498;525;2;2
499;513;1;2
500;514;1;1
500;524;1;1
500;526;2;1
501;508;1;1
501;515;1;1
501;522;1;2
502;509;1;4
502;516;1;2
502;519;1;3
502;525;1;2
503;513;1;6
503;524;1;1
504;518;1;6
598;160;202;1
668;251;1;23
669;250;1;1
669;274;1;18
670;249;1;1
670;292;1;2
671;248;1;1
671;294;1;1
672;247;1;1
672;295;1;1
673;246;36;1
673;296;2;1
675;296;1;2
676;297;8;1
684;297;5;2
689;298;5;1
692;298;1;2
693;300;1;2
694;302;1;1
695;303;1;2
696;298;1;5
696;304;1;1
697;303;1;27
698;308;1;2
698;330;1;1
699;310;1;10
699;331;1;25
700;320;1;3
700;356;1;2
701;323;1;2
701;357;1;1
702;358;1;3
703;361;1;1
704;362;16;1
709;247;19;1
720;361;10;1
728;223;1;14
728;246;1;2
729;221;1;2
729;237;1;9
730;221;2;1
730;360;1;1
731;359;2;2
732;220;1;2
733;220;3;1
733;359;2;1
735;358;5;2
736;219;1;1
737;218;6;1
740;357;1;2
741;356;4;1
741;358;29;1
743;217;2;1
745;216;7;1
745;355;3;1
748;354;5;1
752;215;13;1
753;353;13;1
765;214;35;1
766;354;3;1
769;355;6;1
770;359;8;1
775;356;2;1
777;357;3;1
778;360;2;1
780;358;4;1
780;361;4;1
784;359;4;1
784;362;2;1
786;363;9;1
788;360;12;1
795;364;5;1
<END>

<MAP>
false
<TILE>
Grass.png;0;0;false
0;5
0;6
1;6
1;5
2;5
3;5
3;6
2;6
<BREAK>

<TILE>
Grass.png;96;160;false
0;0
0;1
0;2
0;3
0;4
0;5
0;6
0;7
0;8
0;9
0;10
0;11
0;12
0;13
1;0
1;1
1;2
1;3
1;4
1;5
1;6
1;7
1;8
1;9
1;10
1;11
1;12
1;13
2;0
2;1
2;2
2;3
2;4
2;5
2;6
2;7
2;8
2;9
2;10
2;11
2;12
2;13
3;0
3;1
3;2
3;3
3;4
3;5
3;6
3;7
3;8
3;9
3;10
3;11
3;12
3;13
4;0
4;1
4;2
4;3
4;4
4;5
4;6
4;7
4;8
4;9
4;10
4;11
4;12
4;13
5;0
5;1
5;2
5;3
5;4
5;5
5;6
5;7
5;8
5;9
5;10
5;11
5;12
5;13
6;0
6;1
6;2
6;3
6;4
6;5
6;6
6;7
6;8
6;9
6;10
6;11
6;12
6;13
7;0
7;1
7;2
7;3
7;4
7;5
7;6
7;7
7;8
7;9
7;10
7;11
7;12
7;13
8;0
8;1
8;2
8;3
8;4
8;5
8;6
8;7
8;8
8;9
8;10
8;11
8;12
8;13
9;0
9;1
9;2
9;3
9;4
9;5
9;6
9;7
9;8
9;9
9;10
9;11
9;12
9;13
10;0
10;1
10;2
10;3
10;4
10;5
10;6
10;7
10;8
10;9
10;10
10;11
10;12
10;13
11;0
11;1
11;2
11;3
11;4
11;5
11;6
11;7
11;8
11;9
11;10
11;11
11;12
11;13
12;0
12;1
12;2
12;3
12;4
12;5
12;6
12;7
12;8
12;9
12;10
12;11
12;12
12;13
13;0
13;1
13;2
13;3
13;4
13;5
13;6
13;7
13;8
13;9
13;10
13;11
13;12
13;13
14;0
14;1
14;2
14;3
14;4
14;5
14;6
14;7
14;8
14;9
14;10
14;11
14;12
14;13
15;0
15;1
15;2
15;3
15;4
15;5
15;6
15;7
15;8
15;9
15;10
15;11
15;12
15;13
16;0
16;1
16;2
16;3
16;4
16;5
16;6
16;7
16;8
16;9
16;10
16;11
16;12
16;13
17;0
17;1
17;2
17;3
17;4
17;5
17;6
17;7
17;8
17;9
17;10
17;11
17;12
17;13
18;0
18;1
18;2
18;3
18;4
18;5
18;6
18;7
18;8
18;9
18;10
18;11
18;12
18;13
19;0
19;1
19;2
19;3
19;4
19;5
19;6
19;7
19;8
19;9
19;10
19;11
19;12
19;13
20;0
20;1
20;2
20;3
20;4
20;5
20;6
20;7
20;8
20;9
20;10
20;11
20;12
20;13
21;0
21;1
21;2
21;3
21;4
21;5
21;6
21;7
21;8
21;9
21;10
21;11
21;12
21;13
<BREAK>

<TILE>
Grass.png;96;224;false
0;0
0;1
0;2
0;3
0;4
0;5
0;6
0;7
0;8
0;9
0;10
0;11
-1;0
-1;1
-1;2
-1;3
-1;4
-1;5
-1;6
-1;7
-1;8
-1;9
-1;10
-1;11
-2;0
-2;1
-2;2
-2;3
-2;4
-2;5
-2;6
-2;7
-2;8
-2;9
-2;10
-2;11
-3;0
-3;1
-3;2
-3;3
-3;4
-3;5
-3;6
-3;7
-3;8
-3;9
-3;10
-3;11
-4;0
-4;1
-4;2
-4;3
-4;4
-4;5
-4;6
-4;7
-4;8
-4;9
-4;10
-4;11
<BREAK>

<TILE>
Dirtpath.png;0;352;true
0;0;0;3;5;3;5;2;0;2
0;1;0;5;5;5;5;4;0;4
0;2;0;7;5;7;5;6;0;6
<BREAK>

<TILE>
Dirtpath.png;0;352;true
0;0;0;1;1;1;1;0;0;0
<BREAK>

<TILE>
Grass.png;0;448;false
0;0
0;-1
0;-2
0;-3
<BREAK>

<TILE>
Dirtpath.png;0;352;true
0;0;4;3;5;3;5;2;4;2
0;1;2;5;3;5;5;0;2;4
0;2;2;7;3;7;3;6;2;6
-1;2;0;7;1;7;1;6;0;6
-1;1;0;5;1;5;1;4;0;4
-1;0;0;3;1;3;1;2;0;2
1;1;2;3;3;3;3;2;2;2
1;2;2;7;3;7;3;6;2;6
2;2;4;7;5;7;5;6;4;6
2;1;4;3;5;3;5;2;4;2
<BREAK>

<TILE>
Dirtpath.png;768;416;true
0;0;2;3;3;3;3;2;2;2
0;1;2;7;3;7;3;6;2;6
1;1;4;7;5;7;5;6;4;6
1;0;4;3;5;3;5;2;4;2
-1;0;2;3;3;3;3;2;2;2
-2;0;2;3;3;3;3;2;2;2
-3;0;4;1;3;3;3;2;2;2
-4;0;2;7;3;7;5;0;2;6
-4;-1;4;3;5;3;5;2;4;2
-5;-1;4;1;3;3;3;2;2;2
-6;-1;0;7;1;7;1;2;0;2
-5;0;0;7;1;7;1;6;0;6
-3;1;0;7;1;7;1;6;0;6
-2;1;2;7;3;7;3;6;2;6
-1;1;2;7;3;7;3;6;2;6
<BREAK>

<TILE>
Water.png;478;504;true
0;0;4;7;5;7;5;2;4;2
-1;0;2;3;5;1;3;2;2;2
-1;1;4;5;5;5;5;4;4;4
-2;1;2;5;3;5;3;4;2;4
-3;1;2;5;3;5;3;4;4;0
-3;0;0;3;1;3;1;2;0;2
-2;0;2;3;3;3;3;2;2;2
-4;1;2;3;3;3;3;2;2;2
-5;1;0;3;1;3;1;2;0;2
-5;2;2;5;3;5;3;4;4;0
-4;2;2;5;3;5;3;4;2;4
-3;2;2;5;3;5;3;4;2;4
-4;3;2;7;3;7;3;6;2;6
-5;3;2;7;3;7;3;6;2;6
-3;3;2;7;3;7;3;6;2;6
-2;3;4;7;5;7;5;6;4;6
-2;2;2;5;5;1;3;4;2;4
-1;2;4;7;5;7;5;6;4;6
-6;2;4;1;3;3;3;2;2;2
-7;2;0;7;1;7;1;2;0;2
-6;3;0;7;1;7;1;6;0;6
<BREAK>

<TILE>
Water.png;789;339;true
0;0;4;7;5;7;5;6;4;6
-1;0;2;7;3;7;3;6;2;6
-2;0;2;7;3;7;3;6;2;6
-3;0;0;7;1;7;1;6;0;6
-3;-1;0;5;1;5;1;4;0;4
-2;-1;2;5;3;5;3;4;2;4
-2;-2;2;5;3;5;3;4;2;4
-3;-2;4;1;3;5;3;4;2;4
-4;-2;0;7;1;7;1;6;0;6
-4;-3;0;3;1;3;1;2;0;2
-3;-3;2;3;3;3;3;2;2;2
-2;-3;2;5;3;5;3;4;4;0
-2;-4;0;3;1;3;1;2;0;2
-1;-4;2;3;3;3;3;2;2;2
-1;-3;2;5;3;5;3;4;2;4
-1;-2;2;5;3;5;3;4;2;4
-1;-1;2;5;3;5;3;4;2;4
0;-1;4;5;5;5;5;4;4;4
0;-2;4;5;5;5;5;4;4;4
0;-3;4;5;5;5;5;4;4;4
0;-4;4;3;5;3;5;2;4;2
<BREAK>

<END>

