<BACKDROP>
Forest;-1;0
<END>

<BGM>
Wood Theme.ogg
<END>

<PROP>
Bush;-17;202;Bush-27
<END>

<PROP>
Bush;28;216;Bush-28
<END>

<PROP>
Bush;68;231;Bush-29
<END>

<PROP>
Bush;129;235;Bush-30
<END>

<PROP>
Bush;269;268;Bush-31
<END>

<PROP>
Bush;320;266;Bush-32
<END>

<PROP>
Bush;668;250;Bush-33
<END>

<PROP>
Bush;700;233;Bush-34
<END>

<PROP>
Bush;795;229;Bush-35
<END>

<PROP>
Bush;815;202;Bush-36
<END>

<PROP>
Bush;875;195;Bush-37
<END>

<PROP>
Bush;915;174;Bush-38
<END>

<PROP>
Bush;1009;143;Bush-39
<END>

<PROP>
Tree;126;197;Tree-6
<END>

<PROP>
Tree;490;222;Tree-7
<END>

<PROP>
Tree;693;170;Tree-8
<END>

<PROP>
Tree;917;100;Tree-9
<END>

<PROP>
Bush;1065;136;Bush-40
<END>

<PROP>
Bush;1135;135;Bush-41
<END>

<PROP>
Bush;402;264;Bush-42
<END>

<PROP>
Bush;468;267;Bush-43
<END>

<PROP>
Bush;584;268;Bush-44
<END>

<PROP>
Bush;725;277;Bush-45
<END>

<PROP>
Bush;1005;202;Bush-46
<END>

<PLAYER>
Player;640;405
<EQUIPMENT>
0;0
1;26;0;0;0;0;0;0;0;0;0;0;0;0;0;0;0;0;0
2;0;0;36;32:0-1-1,2,3;0;33;0;0;R2;L3
3;6;11;12:5;0;0;0;0
4;4;41:5;42:5;0;0
5;1;2
<BREAK>
<END>

<ACTOR>
Skelington;60;293;Skelington-3
<AI>
NEUTRAL
skel
eton
<BREAK>
<EQUIPMENT>
0;0
1;0;0;0;0;0;0;0;0;0;0;0;0;0;0;0;0;0;0
2;31;0;0;0;0;0;0;0;R0;L1
3;6;0;0;0;0;0;0
<BREAK>
<END>

<ACTOR>
Skelington;443;379;Skelington-4
<AI>
NEUTRAL
skel
eton
<BREAK>
<EQUIPMENT>
0;0
1;0;0;0;0;0;0;0;0;0;0;0;0;0;0;0;0;0;0
2;31;0;0;0;0;0;0;0;R0;L1
3;6;0;0;0;0;0;0
<BREAK>
<END>

<ACTOR>
Skelington;950;391;Skelington-5
<AI>
NEUTRAL
skel
eton
<BREAK>
<EQUIPMENT>
0;0
1;0;0;0;0;0;0;0;0;0;0;0;0;0;0;0;0;0;0
2;31;0;0;0;0;0;0;0;R0;L1
3;6;0;0;0;0;0;0
<BREAK>
<END>

<ACTOR>
Skelington;1031;270;Skelington-6
<AI>
NEUTRAL
eton
skel
<BREAK>
<EQUIPMENT>
0;0
1;0;0;0;0;0;0;0;0;0;0;0;0;0;0;0;0;0;0
2;31;0;0;0;0;0;0;0;R0;L1
3;6;0;0;0;0;0;0
<BREAK>
<END>

<ACTOR>
Skelington;621;504;Skelington-7
<AI>
NEUTRAL
eton
skel
<BREAK>
<EQUIPMENT>
0;0
1;0;0;0;0;0;0;0;0;0;0;0;0;0;0;0;0;0;0
2;31;0;0;0;0;0;0;0;R0;L1
3;6;0;0;0;0;0;0
<BREAK>
<END>

<ACTOR>
Skelington;185;465;Skelington-8
<AI>
NEUTRAL
eton
skel
<BREAK>
<EQUIPMENT>
0;0
1;0;0;0;0;0;0;0;0;0;0;0;0;0;0;0;0;0;0
2;31;0;0;0;0;0;0;0;R0;L1
3;6;0;0;0;0;0;0
<BREAK>
<END>

<HITMAP>
1200;600
0;223;6;1
6;224;26;1
32;225;22;1
54;224;1;2
55;224;1;1
57;226;1;1
58;226;1;3
59;229;1;2
60;231;1;21
61;252;1;1
62;253;2;1
64;254;15;1
79;255;1;1
80;256;13;1
93;257;3;1
96;258;4;1
100;259;6;1
106;260;33;1
139;259;3;1
142;258;3;1
145;257;7;1
152;256;4;1
156;255;20;1
176;256;4;1
180;257;1;1
181;258;1;1
182;259;1;1
183;260;1;2
184;262;1;1
185;262;1;2
185;284;1;3
186;264;1;1
186;280;1;4
186;287;2;1
187;265;1;2
187;278;1;2
188;267;1;1
188;274;1;4
188;288;21;1
189;268;1;7
209;289;7;1
216;290;5;1
221;291;4;1
225;292;5;1
230;293;14;1
244;294;5;1
249;295;46;1
295;294;19;1
314;293;7;1
321;292;3;1
324;291;11;1
335;290;6;1
341;289;24;1
365;288;52;1
368;442;1;14
369;456;1;18
370;474;1;104
371;578;1;5
372;583;1;6
373;589;1;1
417;289;11;1
428;290;62;1
490;289;94;1
584;290;52;1
636;291;32;1
668;292;29;1
697;291;8;1
705;280;1;12
706;276;1;4
707;272;1;4
708;268;1;4
709;255;1;13
710;255;20;1
730;256;7;1
737;257;4;1
741;258;16;1
757;259;53;1
810;258;18;1
828;257;3;1
831;256;1;1
832;219;1;4
832;255;1;1
833;219;10;1
833;223;1;1
833;252;1;3
834;224;1;3
834;251;1;1
835;227;1;1
835;248;1;3
836;228;1;3
836;245;1;3
837;231;1;14
843;220;6;1
849;221;18;1
867;222;7;1
874;223;7;1
881;224;5;1
886;225;2;1
888;226;17;1
905;227;22;1
927;226;1;1
928;225;1;1
929;224;2;1
931;221;1;3
932;197;1;14
932;218;1;3
933;196;7;1
933;211;1;7
940;195;11;1
951;194;4;1
955;193;4;1
959;192;12;1
971;191;14;1
985;190;28;1
1013;191;11;1
1024;189;1;3
1025;186;1;3
1026;183;1;3
1027;177;1;6
1028;174;1;3
1029;168;1;6
1030;161;1;7
1031;161;36;1
1067;162;46;1
1113;161;4;1
1117;160;13;1
1130;159;70;1
<END>

<MAP>
false
<TILE>
Grass.png;0;0;false
1;7
0;8
0;7
1;8
2;8
3;8
4;8
5;8
5;9
6;9
4;9
3;9
2;9
1;9
0;9
7;9
8;9
9;9
10;9
11;9
12;9
13;9
14;10
<BREAK>

<TILE>
Grass.png;0;0;false
5;10
6;10
7;10
8;10
9;10
10;10
11;10
11;11
12;11
13;11
14;11
15;11
15;12
16;12
17;12
18;12
17;11
16;11
12;10
13;10
15;10
16;10
17;10
18;10
14;9
15;9
16;9
17;9
18;9
19;9
20;9
21;9
21;11
22;10
23;10
24;10
25;10
26;10
27;10
21;10
20;10
19;11
19;10
22;9
23;9
24;9
25;9
18;11
20;11
27;9
28;9
26;9
29;9
29;8
30;8
28;8
27;8
31;8
30;7
29;7
28;7
26;8
25;8
24;8
23;8
22;8
26;7
27;7
29;6
30;6
31;6
32;6
32;5
33;5
34;5
35;5
34;6
33;6
32;7
31;7
32;8
33;7
34;7
35;7
36;7
36;6
37;6
37;7
34;8
33;8
32;9
30;9
35;6
37;5
36;5
35;8
35;9
35;10
36;8
36;9
36;10
36;11
37;8
37;9
37;10
37;11
37;12
37;13
37;14
37;15
37;16
37;17
37;18
36;18
35;18
34;18
33;18
32;18
31;18
30;18
29;18
28;18
27;18
26;11
26;12
26;13
19;13
20;14
20;15
20;16
20;17
20;18
21;18
22;18
23;18
24;12
24;11
26;17
25;17
24;16
23;16
23;15
23;14
23;13
25;12
25;13
25;14
25;15
24;17
23;17
22;17
22;16
22;15
22;14
22;13
<BREAK>

<TILE>
Grass.png;0;0;false
<BREAK>

<TILE>
Grass.png;0;0;false
0;10
0;11
1;11
1;10
2;10
2;11
3;10
4;10
4;11
3;11
7;11
6;11
5;11
8;11
9;11
10;11
9;12
10;12
11;12
12;12
13;12
14;12
18;13
20;13
21;13
19;12
20;12
21;12
22;12
23;12
23;11
25;11
22;11
27;11
28;11
29;12
28;12
29;10
30;11
30;10
31;10
32;10
28;10
33;10
33;9
34;9
35;11
34;10
34;11
36;12
36;15
36;14
36;13
36;16
36;17
35;16
34;16
33;16
32;16
32;17
33;17
34;17
35;17
31;17
30;17
29;17
28;17
27;17
29;16
30;16
28;16
27;16
26;16
25;18
26;18
24;18
24;15
24;14
26;14
27;13
27;12
29;11
31;11
32;11
33;11
34;12
33;12
32;12
32;13
31;13
33;13
35;12
31;12
30;12
35;13
34;13
30;13
29;13
28;13
28;14
27;14
29;14
30;14
31;14
32;14
33;14
34;14
35;14
35;15
34;15
33;15
32;15
31;15
30;15
29;15
28;15
27;15
26;15
31;16
21;14
21;15
19;15
18;14
18;15
19;14
21;16
21;17
19;17
18;17
19;18
18;18
17;18
16;18
15;18
14;18
13;18
12;13
12;18
11;13
11;17
10;17
9;17
9;16
10;16
11;16
12;16
13;17
14;16
15;17
15;16
16;16
13;16
17;16
16;17
14;17
12;17
17;17
18;16
19;16
17;15
16;15
15;14
15;13
16;13
16;14
17;14
17;13
14;13
14;14
15;15
14;15
13;15
13;14
13;13
12;15
12;14
11;14
11;15
10;15
10;14
9;14
9;13
10;13
9;15
8;13
8;14
8;15
8;12
8;16
8;17
8;18
9;18
10;18
11;18
7;18
6;18
5;18
4;18
3;18
2;18
1;18
0;12
0;17
0;18
2;17
3;17
4;17
1;17
0;16
0;15
0;14
0;13
1;12
2;12
3;12
4;12
5;12
6;12
7;12
7;13
7;14
7;15
7;16
7;17
6;17
5;17
4;16
5;16
6;16
6;15
6;14
6;13
5;13
4;13
3;13
2;13
1;13
1;14
1;15
1;16
2;16
3;16
3;15
2;15
2;14
3;14
4;14
5;14
5;15
4;15
<BREAK>

<TILE>
Grass.png;0;0;false
24;13
<BREAK>

<TILE>
Grass.png;0;0;false
25;16
<BREAK>

<TILE>
Grass.png;0;0;false
31;9
<BREAK>

<TILE>
Water.png;366;439;true
0;0;0;3;5;3;5;2;0;2
0;1;0;5;5;5;5;4;0;4
0;2;0;5;5;5;5;4;0;4
0;3;0;5;5;5;5;4;0;4
0;4;0;7;5;7;5;6;0;6
<BREAK>

<END>

