<BGM>
Booze Walrus.ogg
<END>

<ACTOR>
Grim;190;63;Grim-0
<DIALOGUE>
false;false;false;false
@Text:Welcome to die.
@
<BREAK>
<SPEED>
-1
<BREAK>
<END>

<HITMAP>
800;600
<END>

<MAP>
false
<TILE>
Googum.png;63;187;false
0;0
0;-1
1;-1
2;-1
3;-1
4;-1
5;-1
6;-1
7;-1
6;0
5;0
4;0
3;0
2;0
7;0
8;0
1;0
9;0
10;0
11;0
11;1
10;1
9;1
8;1
7;1
6;1
5;1
4;1
3;1
2;1
1;1
0;1
9;2
10;2
11;2
12;2
13;2
8;2
7;2
6;2
5;2
4;2
3;2
2;2
1;2
9;3
10;3
11;3
8;3
7;3
6;3
5;3
4;3
7;4
6;4
8;4
7;5
9;4
8;5
10;4
9;5
10;5
10;6
4;-2
3;-2
2;-2
1;-2
4;-3
5;-3
6;-3
5;-2
6;-2
3;-3
2;-3
4;-4
5;-4
<BREAK>

<END>

