<Player>
14,8;14,9;14,8;14,7;14,8;14,8;14,8;14,8;14,8;14,8;14,8;14,8;14,8;14,8;14,8;14,8
0,0;0,0;0,0;0,0;0,0;0,0;0,0;0,0;0,0;0,0;0,0;0,0;0,0;0,0;0,0;0,0
0,0;0,0;0,0;0,0;0,0;0,0;0,0;0,0;0,0;0,0;0,0;0,0;0,0;0,0;0,0;0,0
<END>

<Player_walk>
14,8;15,9;14,8;13,9;14,8;15,9;14,8;13,9;14,8;15,9;14,8;13,9;14,8;13,9;14,8;15,9
0,0;0,0;0,0;0,0;0,0;0,0;0,0;0,0;0,0;0,0;0,0;0,0;0,0;0,0;0,0;0,0
0,0;0,0;0,0;0,0;0,0;0,0;0,0;0,0;0,0;0,0;0,0;0,0;0,0;0,0;0,0;0,0
<END>

<Skelington>
28,3;28,3;28,3;28,3; 22,2;22,2;22,2;22,2; 22,2;22,2;22,2;22,2; 24,4;24,4;24,4;24,4
0,0;0,0;0,0;0,0;0,0;0,0;0,0;0,0;0,0;0,0;0,0;0,0;0,0;0,0;0,0;0,0
0,0;0,0;0,0;0,0;0,0;0,0;0,0;0,0;0,0;0,0;0,0;0,0;0,0;0,0;0,0;0,0
<END>