-Fist-
<THRUST>
0.45;0.45
<BREAK>
<END>

-Sword-
<THRUST>
0.8;0.4;0.15;0.15;0.1
0;0;0;0;5;5;10;10;5;5;10;10;5;5;10;10
0;0;0;0;5;5;10;10;5;5;10;10;5;5;10;10
0;0;0;0;5;5;10;10;5;5;10;10;5;5;10;10
0;0;0;0;5;5;10;10;5;5;10;10;5;5;10;10
<BREAK>
<CRUSH>
1.6;1.0;0.2;0.2;0.2
0;0;0;0;5;5;10;10;5;5;10;10;5;5;10;10
0;0;0;0;5;5;10;10;5;5;10;10;5;5;10;10
0;0;0;0;5;5;10;10;5;5;10;10;5;5;10;10
0;0;0;0;5;5;10;10;5;5;10;10;5;5;10;10
<BREAK>
<SLASH>
1.6;1.0;0.2;0.2;0.2
0;0;0;0;5;5;10;10;5;5;10;10;5;5;10;10
0;0;0;0;5;5;10;10;5;5;10;10;5;5;10;10
0;0;0;0;5;5;10;10;5;5;10;10;5;5;10;10
0;0;0;0;5;5;10;10;5;5;10;10;5;5;10;10
<BREAK>
<PARRY>
0.55
<BREAK>
<DEFEND>
-1.0
<BREAK>
<END>

-Staff-
<SPELL1>
-1.0
<BREAK>
<SPELL2>
-1.0
<BREAK>
<SPELL3>
-1.0
<BREAK>
<ATTACK>
0.75;0.45;0.1;0.1;0.1
0;0;0;0;5;5;10;10;5;5;10;10;5;5;10;10
0;0;0;0;5;5;10;10;5;5;10;10;5;5;10;10
0;0;0;0;5;5;10;10;5;5;10;10;5;5;10;10
0;0;0;0;5;5;10;10;5;5;10;10;5;5;10;10
<BREAK>
<DEFEND>
-1.0
<BREAK>
<END>

-Bow-
<HEADSHOT>
-1.0
<BREAK>
<BODYSHOT>
-1.0
<BREAK>
<CRIPPLE>
-1.0
<BREAK>
<ATTACK>
0.75;0.45;0.1;0.1;0.1
0;0;0;0;5;5;10;10;5;5;10;10;5;5;10;10
0;0;0;0;5;5;10;10;5;5;10;10;5;5;10;10
0;0;0;0;5;5;10;10;5;5;10;10;5;5;10;10
0;0;0;0;5;5;10;10;5;5;10;10;5;5;10;10
<BREAK>
<DEFEND>
-1.0
<BREAK>
<END>

-Sword2-
<THRUST>
1.0;1.0
0;0;0;0;0;0;0;0;0;0;0;0;0;0;0;0
<BREAK>
<CRUSH>
0.0
<BREAK>
<SLASH>
1.0;0.25;0.25;0.25;0.25
5;28;35;21;4;35;35;35;12;37;25;45;5;39;26;46
0;0;0;0;0;0;0;0;0;0;0;0;0;0;0;0
0;0;0;0;0;0;0;0;0;0;0;0;0;0;0;0
0;0;0;0;0;0;0;0;0;0;0;0;0;0;0;0
<BREAK>
<PARRY>
0.55
<BREAK>
<DEFEND>
-1.0
<BREAK>
<END>
